       0.935463 -0.368001         4.75376 -0.209343        0.986194 5.73049        -1.17569 -0.754146         4.12138 4.0576        0.530561 3.38082         2.69194 2.02115         4.01548 0.173896         2.52687 2.77627        -1.31276 3.30954         3.90399 -3.88109        0.755697 2.72336        -4.30868 -2.12532         2.79093 -1.21431        -2.98524 2.72915         1.10425 -2.76383         3.36115 2.12283         -2.1169 4.22662         4.14494 0.627046         1.35176 3.88349         2.39356 0.882319          3.1959 3.10739         1.63087 0.514442         4.48706 1.67592        -1.53958 3.66343          0.9236 -4.07355         2.79151 1.47007        -4.95999 0.758316         1.55398 -4.70459        -1.99983 0.630603        -3.43671 -2.55635        0.348591 -2.70868        -5.45504 1.50428         1.27717 -5.41837         1.13133 2.49623        -3.99159 2.28045         4.61733 -2.80897         0.41313 4.50731        0.367763 -1.48242         3.33593 1.78523        -1.33477 2.43256         4.05697 -0.745895         1.44714 5.60599        -2.14338 -1.58773         4.31205 -1.98741        -3.15364 4.17722       -0.341126 -4.17341         2.13432 -2.28039        -4.96322 -0.482267        -1.90434 -3.05172 
       0.935463 -0.368001         4.75376 -0.209343        0.986194 5.73049        -1.17569 -0.754146         4.12138 4.0576        0.530561 3.38082         2.69194 2.02115         4.01548 0.173896         2.52687 2.77627        -1.31276 3.30954         3.90399 -3.88109        0.755697 2.72336        -4.30868 -2.12532         2.79093 -1.21431        -2.98524 2.72915         1.10425 -2.76383         3.36115 2.12283         -2.1169 4.22662         4.14494 0.627046         1.35176 3.88349         2.39356 0.882319          3.1959 3.10739         1.63087 0.514442         4.48706 1.67592        -1.53958 3.66343          0.9236 -4.07355         2.79151 1.47007        -4.95999 0.758316         1.55398 -4.70459        -1.99983 0.630603        -3.43671 -2.55635        0.348591 -2.70868        -5.45504 1.50428         1.27717 -5.41837         1.13133 2.49623        -3.99159 2.28045         4.61733 -2.80897         0.41313 4.50731        0.367763 -1.48242         3.33593 1.78523        -1.33477 2.43256         4.05697 -0.745895         1.44714 5.60599        -2.14338 -1.58773         4.31205 -1.98741        -3.15364 4.17722       -0.341126 -4.17341         2.13432 -2.28039        -4.96322 -0.482267        -1.90434 -3.05172 
       0.463252 0.398642         4.76867 -0.134991        0.407932 6.06578        -1.26662 0.0275369          4.6131 3.4929        0.992415 3.4755         3.21035 2.06197         3.59236 0.354174         2.43865 2.72958        -2.03996 2.81766          4.3373 -4.04713        0.180688 2.10279         -4.7873 -2.49427         2.05947 -0.572332        -2.67373 2.08789         1.09353 -2.09808         2.66008 1.30056        -2.20325 3.77374         4.48441 1.27622        0.854115 3.88823         1.65158 1.67298         2.46887 3.71026         1.63591 0.190746         4.44376 2.41918        -1.08351 3.71938        0.348526 -4.01061         3.50787 1.14644        -4.69117 0.169614         1.68784 -4.34079        -2.77301 0.249528        -2.88773 -2.51381        -0.19318 -2.03431        -5.40832 1.70261        0.672208 -5.85862         1.15239 2.22007        -3.60066 2.38597         4.30539 -2.31862        0.295079 5.02685       -0.292028 -0.817319         3.77228 2.40795        -1.44017 3.12027         3.91619 -0.961374        0.984773 4.90757        -2.12112 -1.08979         4.80388 -1.91188        -3.86323 4.39159        -1.04949 -4.59831         2.19661 -2.11559        -4.36335 -0.198495        -1.35334 -3.25724 
       0.463252 0.398642         4.76867 -0.134991        0.407932 6.06578        -1.26662 0.0275369          4.6131 3.4929        0.992415 3.4755         3.21035 2.06197         3.59236 0.354174         2.43865 2.72958        -2.03996 2.81766          4.3373 -4.04713        0.180688 2.10279         -4.7873 -2.49427         2.05947 -0.572332        -2.67373 2.08789         1.09353 -2.09808         2.66008 1.30056        -2.20325 3.77374         4.48441 1.27622        0.854115 3.88823         1.65158 1.67298         2.46887 3.71026         1.63591 0.190746         4.44376 2.41918        -1.08351 3.71938        0.348526 -4.01061         3.50787 1.14644        -4.69117 0.169614         1.68784 -4.34079        -2.77301 0.249528        -2.88773 -2.51381        -0.19318 -2.03431        -5.40832 1.70261        0.672208 -5.85862         1.15239 2.22007        -3.60066 2.38597         4.30539 -2.31862        0.295079 5.02685       -0.292028 -0.817319         3.77228 2.40795        -1.44017 3.12027         3.91619 -0.961374        0.984773 4.90757        -2.12112 -1.08979         4.80388 -1.91188        -3.86323 4.39159        -1.04949 -4.59831         2.19661 -2.11559        -4.36335 -0.198495        -1.35334 -3.25724 
       0.463252 0.398642         4.76867 -0.134991        0.407932 6.06578        -1.26662 0.0275369          4.6131 3.4929        0.992415 3.4755         3.21035 2.06197         3.59236 0.354174         2.43865 2.72958        -2.03996 2.81766          4.3373 -4.04713        0.180688 2.10279         -4.7873 -2.49427         2.05947 -0.572332        -2.67373 2.08789         1.09353 -2.09808         2.66008 1.30056        -2.20325 3.77374         4.48441 1.27622        0.854115 3.88823         1.65158 1.67298         2.46887 3.71026         1.63591 0.190746         4.44376 2.41918        -1.08351 3.71938        0.348526 -4.01061         3.50787 1.14644        -4.69117 0.169614         1.68784 -4.34079        -2.77301 0.249528        -2.88773 -2.51381        -0.19318 -2.03431        -5.40832 1.70261        0.672208 -5.85862         1.15239 2.22007        -3.60066 2.38597         4.30539 -2.31862        0.295079 5.02685       -0.292028 -0.817319         3.77228 2.40795        -1.44017 3.12027         3.91619 -0.961374        0.984773 4.90757        -2.12112 -1.08979         4.80388 -1.91188        -3.86323 4.39159        -1.04949 -4.59831         2.19661 -2.11559        -4.36335 -0.198495        -1.35334 -3.25724 
       0.463252 0.398642         4.76867 -0.134991        0.407932 6.06578        -1.26662 0.0275369          4.6131 3.4929        0.992415 3.4755         3.21035 2.06197         3.59236 0.354174         2.43865 2.72958        -2.03996 2.81766          4.3373 -4.04713        0.180688 2.10279         -4.7873 -2.49427         2.05947 -0.572332        -2.67373 2.08789         1.09353 -2.09808         2.66008 1.30056        -2.20325 3.77374         4.48441 1.27622        0.854115 3.88823         1.65158 1.67298         2.46887 3.71026         1.63591 0.190746         4.44376 2.41918        -1.08351 3.71938        0.348526 -4.01061         3.50787 1.14644        -4.69117 0.169614         1.68784 -4.34079        -2.77301 0.249528        -2.88773 -2.51381        -0.19318 -2.03431        -5.40832 1.70261        0.672208 -5.85862         1.15239 2.22007        -3.60066 2.38597         4.30539 -2.31862        0.295079 5.02685       -0.292028 -0.817319         3.77228 2.40795        -1.44017 3.12027         3.91619 -0.961374        0.984773 4.90757        -2.12112 -1.08979         4.80388 -1.91188        -3.86323 4.39159        -1.04949 -4.59831         2.19661 -2.11559        -4.36335 -0.198495        -1.35334 -3.25724 
       0.463252 0.398642         4.76867 -0.134991        0.407932 6.06578        -1.26662 0.0275369          4.6131 3.4929        0.992415 3.4755         3.21035 2.06197         3.59236 0.354174         2.43865 2.72958        -2.03996 2.81766          4.3373 -4.04713        0.180688 2.10279         -4.7873 -2.49427         2.05947 -0.572332        -2.67373 2.08789         1.09353 -2.09808         2.66008 1.30056        -2.20325 3.77374         4.48441 1.27622        0.854115 3.88823         1.65158 1.67298         2.46887 3.71026         1.63591 0.190746         4.44376 2.41918        -1.08351 3.71938        0.348526 -4.01061         3.50787 1.14644        -4.69117 0.169614         1.68784 -4.34079        -2.77301 0.249528        -2.88773 -2.51381        -0.19318 -2.03431        -5.40832 1.70261        0.672208 -5.85862         1.15239 2.22007        -3.60066 2.38597         4.30539 -2.31862        0.295079 5.02685       -0.292028 -0.817319         3.77228 2.40795        -1.44017 3.12027         3.91619 -0.961374        0.984773 4.90757        -2.12112 -1.08979         4.80388 -1.91188        -3.86323 4.39159        -1.04949 -4.59831         2.19661 -2.11559        -4.36335 -0.198495        -1.35334 -3.25724 
       0.463252 0.398642         4.76867 -0.134991        0.407932 6.06578        -1.26662 0.0275369          4.6131 3.4929        0.992415 3.4755         3.21035 2.06197         3.59236 0.354174         2.43865 2.72958        -2.03996 2.81766          4.3373 -4.04713        0.256304 2.21226        -4.62934 -2.79046         1.81689 -0.738577        -2.78778 1.97858         1.38083 -2.34625         3.00113 1.59487        -2.64964 4.47262         4.49599 1.01677        0.954353 4.307         1.93121 1.4794         1.92771 3.92113         1.19455 0.547634         4.99712 2.04833       -0.793306 3.51431        0.348526 -4.01061         3.50787 1.14644        -4.69117 0.169614         1.68784 -4.34079        -2.77301 0.249528        -2.88773 -2.51381        -0.19318 -2.03431        -5.40832 1.70261        0.672208 -5.85862         1.15239 2.22007        -3.60066 2.38597         4.30539 -2.31862        0.295079 5.02685       -0.292028 -0.817319         3.77228 2.40795        -1.44017 3.12027         3.91619 -0.961374        0.984773 4.90757        -2.12112 -1.08979         4.80388 -1.91188        -3.86323 4.39159        -1.04949 -4.59831         2.19661 -2.11559        -4.36335 -0.198495        -1.35334 -3.25724 
       0.463252 0.398642         4.76867 -0.134991        0.407932 6.06578        -1.26662 0.0275369          4.6131 3.4929        0.992415 3.4755         3.21035 2.06197         3.59236 0.354174         2.43865 2.72958        -2.03996 2.81766          4.3373 -4.04713        0.256304 2.21226        -4.62934 -2.79046         1.81689 -0.738577        -2.78778 1.97858         1.38083 -2.34625         3.00113 1.59487        -2.64964 4.47262         4.49599 1.01677        0.954353 4.307         1.93121 1.4794         1.92771 3.92113         1.19455 0.547634         4.99712 2.04833       -0.793306 3.51431        0.348526 -4.01061         3.50787 1.14644        -4.69117 0.169614         1.68784 -4.34079        -2.77301 0.249528        -2.88773 -2.51381        -0.19318 -2.03431        -5.40832 1.70261        0.672208 -5.85862         1.15239 2.22007        -3.60066 2.38597         4.30539 -2.31862        0.295079 5.02685       -0.292028 -0.817319         3.77228 2.40795        -1.44017 3.12027         3.91619 -0.961374        0.984773 4.90757        -2.12112 -1.08979         4.80388 -1.91188        -3.86323 4.39159        -1.04949 -4.59831         2.19661 -2.11559        -4.36335 -0.198495        -1.35334 -3.25724 
       0.708347 0.615035         4.46912 -0.0819076        0.798291 5.71488        -1.10872 0.395079         5.01125 3.4661         1.03385 3.13116         3.03317 1.84779         3.68013 0.414808         2.43212 2.40489        -1.86753 2.61087         4.41905 -4.31763        0.620622 2.53073        -4.64883 -2.60254         1.96957 -0.599678        -3.15721 2.01107         1.78012 -2.0465         2.82591 1.2705        -2.72089 4.26366         4.24481 0.679322        0.688839 4.02988         1.99106 1.67941         1.73034 4.2279         1.60448 0.862122         5.01718 2.02763       -0.379419 3.28271        0.545135 -3.93908         3.42986 1.28327        -4.72526 0.496209          1.5885 -4.64629        -2.73161 0.204851        -2.73665 -2.49723       -0.362197 -1.63435        -5.29201 1.88644        0.439113 -5.56939         1.42286 2.14556        -4.01266 2.2922         4.00679 -2.5039       0.0839784 4.71408       -0.586914 -0.584259         3.86291 2.10286        -1.86281 2.98342         4.10673 -1.03793         1.40885 4.63992        -2.29518 -1.18915         4.65483 -1.62044        -3.58317 3.96952        -1.16557 -4.91137          2.5986 -2.53946        -4.06848 -0.453694        -1.06389 -3.116 
       0.505306 0.738247         4.60485 -0.254105        0.639164 5.41362       -0.787913 0.43045         4.98576 3.2396        0.773009 3.29402         2.99796 1.8239         3.79233 0.324471         2.43917 2.38145        -2.16141 2.94866         4.64312 -4.48158        0.490182 2.26242        -4.31218 -2.81507         2.30259 -0.877423        -2.95199 2.1155         1.39588 -2.42985         2.66801 1.40754        -2.89091 4.33218         4.46614 0.444571        0.407181 4.20844          1.9951 1.64573         1.99572 4.38176         1.80918 0.538223         4.81592 1.85384       -0.341209 3.17311        0.323592 -4.06233         3.54186 1.31683        -4.73129 0.559315         1.79507 -4.70484        -2.56071 0.231101        -3.07632 -2.32501       -0.333762 -1.74638         -5.3683 2.1304         0.78114 -5.80989         1.04653 1.82038         -3.6955 2.2257         3.91021 -2.62284      -0.0934408 4.43666       -0.644215 -0.577395         3.79724 2.46931        -1.57999 3.08175         3.96438 -1.02867         1.15519 4.87709        -2.60835 -0.850699          4.4479 -1.37717          -3.604 3.80847        -1.13563 -5.28932         2.71106 -2.20027        -3.81692 -0.38475        -1.35074 -2.85523 
       0.505306 0.738247         4.60485 -0.254105        0.639164 5.41362       -0.787913 0.43045         4.98576 3.2396        0.773009 3.29402         2.87443 1.75457         3.46331 -0.332784         1.83151 2.38145        -2.16141 2.94866         4.64312 -4.48158        0.490182 2.26242        -4.31218 -2.81507         2.30259 -0.877423        -2.95199 2.1155         1.39588 -2.42985         2.66801 1.40754        -2.89091 4.33218         4.46614 0.444571        0.407181 4.20844          1.9951 1.64573         1.99572 4.38176         1.80918 0.538223         4.81592 1.85384       -0.341209 3.17311        0.323592 -4.06233         3.54186 1.31683        -4.73129 0.559315         1.79507 -4.70484        -2.56071 0.231101        -3.07632 -2.32501       -0.333762 -1.74638         -5.3683 2.1304         0.78114 -5.80989         1.04653 1.82038         -3.6955 2.2257         3.91021 -2.62284      -0.0934408 4.43666       -0.644215 -0.577395         3.79724 2.46931        -1.57999 3.08175         3.96438 -1.02867         1.15519 4.87709        -2.60835 -0.850699          4.4479 -1.37717          -3.604 3.80847        -1.13563 -5.28932         2.71106 -2.20027        -3.81692 -0.38475        -1.35074 -2.85523 
       0.505306 0.738247         4.60485 -0.254105        0.639164 5.41362       -0.787913 0.43045         4.98576 3.2396        0.773009 3.29402         2.87443 1.75457         3.46331 -0.332784         1.83151 2.38145        -2.16141 2.94866         4.64312 -4.48158        0.490182 2.26242        -4.31218 -2.81507         2.30259 -0.877423        -2.95199 2.1155         1.39588 -2.42985         2.66801 1.40754        -2.89091 4.33218         4.46614 0.444571        0.407181 4.20844          1.9951 1.64573         1.99572 4.38176         1.80918 0.538223         4.81592 1.85384       -0.341209 3.17311        0.323592 -4.06233         3.54186 1.31683        -4.73129 0.559315         1.79507 -4.70484        -2.56071 0.231101        -3.07632 -2.32501       -0.333762 -1.74638         -5.3683 2.1304         0.78114 -5.80989         1.04653 1.82038         -3.6955 2.2257         3.91021 -2.62284      -0.0934408 4.43666       -0.644215 -0.577395         3.79724 2.46931        -1.57999 3.08175         3.96438 -1.02867         1.15519 4.87709        -2.60835 -0.850699          4.4479 -1.37717          -3.604 3.80847        -1.13563 -5.28932         2.71106 -2.20027        -3.81692 -0.38475        -1.35074 -2.85523 
